4753.00000	0.00000
4753.50000	0.00000
4754.00000	0.00000
4754.50000	0.00000
4755.00000	0.00000
4755.50000	0.00000
4756.00000	0.00000
4756.50000	0.00000
4757.00000	0.00000
4757.50000	0.00000
4758.00000	0.00000
4758.50000	0.00000
4759.00000	0.00000
4759.50000	0.00000
4760.00000	0.00000
4760.50000	0.00000
4761.00000	0.00000
4761.50000	0.00000
4762.00000	0.00000
4762.50000	0.00000
4763.00000	0.00000
4763.50000	0.00000
4764.00000	0.00000
4764.50000	0.00000
4765.00000	0.00000
4765.50000	0.00000
4766.00000	0.00000
4766.50000	0.00000
4767.00000	0.00000
4767.50000	0.00000
4768.00000	0.00000
4768.50000	0.00000
4769.00000	0.00000
4769.50000	0.00000
4770.00000	0.00000
4770.50000	0.00000
4771.00000	0.00000
4771.50000	0.00000
4772.00000	0.00000
4772.50000	0.00000
4773.00000	0.00000
4773.50000	0.00000
4774.00000	0.00000
4774.50000	0.00000
4775.00000	0.00000
4775.50000	0.00000
4776.00000	0.00000
4776.50000	0.00000
4777.00000	0.00000
4777.50000	0.00000
4778.00000	0.00000
4778.50000	0.00000
4779.00000	0.00000
4779.50000	0.00000
4780.00000	0.00000
4780.50000	0.00000
4781.00000	0.00000
4781.50000	0.00000
4782.00000	0.00000
4782.50000	0.00000
4783.00000	0.00000
4783.50000	0.00000
4784.00000	0.00000
4784.50000	0.00000
4785.00000	0.00000
4785.50000	0.00000
4786.00000	0.00000
4786.50000	0.00000
4787.00000	0.00000
4787.50000	0.00000
4788.00000	0.00000
4788.50000	0.00000
4789.00000	0.00000
4789.50000	0.00000
4790.00000	0.00000
4790.50000	0.00000
4791.00000	0.00000
4791.50000	0.00000
4792.00000	0.00000
4792.50000	0.00000
4793.00000	0.00000
4793.50000	0.00000
4794.00000	0.00000
4794.50000	0.00000
4795.00000	0.00000
4795.50000	0.00000
4796.00000	0.00000
4796.50000	0.00000
4797.00000	0.00000
4797.50000	0.00000
4798.00000	0.00000
4798.50000	0.00000
4799.00000	0.00000
4799.50000	0.00000
4800.00000	0.00000
4800.50000	0.00000
4801.00000	0.00000
4801.50000	0.00000
4802.00000	0.00000
4802.50000	0.00000
4803.00000	0.00000
4803.50000	0.00000
4804.00000	0.00000
4804.50000	0.00000
4805.00000	0.00000
4805.50000	0.00000
4806.00000	0.00000
4806.50000	0.00000
4807.00000	0.00000
4807.50000	0.00000
4808.00000	0.00000
4808.50000	0.00000
4809.00000	0.00000
4809.50000	0.00000
4810.00000	0.00000
4810.50000	0.00000
4811.00000	0.00000
4811.50000	0.00000
4812.00000	0.00000
4812.50000	0.00000
4813.00000	0.00000
4813.50000	0.00000
4814.00000	0.00000
4814.50000	0.00000
4815.00000	0.00000
4815.50000	0.00000
4816.00000	0.00000
4816.50000	0.00000
4817.00000	0.00000
4817.50000	0.00000
4818.00000	0.00000
4818.50000	0.00000
4819.00000	0.00000
4819.50000	0.00000
4820.00000	0.00000
4820.50000	0.00000
4821.00000	0.00000
4821.50000	0.00000
4822.00000	0.00000
4822.50000	0.00000
4823.00000	0.00000
4823.50000	0.00000
4824.00000	0.00000
4824.50000	0.00000
4825.00000	0.00000
4825.50000	0.00000
4826.00000	0.00000
4826.50000	0.00000
4827.00000	0.00000
4827.50000	0.00000
4828.00000	0.00000
4828.50000	0.00000
4829.00000	0.00000
4829.50000	0.00000
4830.00000	0.00000
4830.50000	0.00000
4831.00000	0.00000
4831.50000	0.00000
4832.00000	0.00000
4832.50000	0.00000
4833.00000	0.00000
4833.50000	0.00000
4834.00000	0.00000
4834.50000	0.00000
4835.00000	0.00000
4835.50000	0.00000
4836.00000	0.00000
4836.50000	0.00000
4837.00000	0.00000
4837.50000	0.00000
4838.00000	0.00000
4838.50000	0.00000
4839.00000	0.00000
4839.50000	0.00000
4840.00000	0.00000
4840.50000	0.00000
4841.00000	0.00000
4841.50000	0.00000
4842.00000	0.00000
4842.50000	0.00000
4843.00000	0.00000
4843.50000	0.00000
4844.00000	0.00000
4844.50000	0.00000
4845.00000	0.00000
4845.50000	0.00000
4846.00000	0.00000
4846.50000	0.00000
4847.00000	0.00000
4847.50000	0.00000
4848.00000	0.00000
4848.50000	0.00000
4849.00000	0.00000
4849.50000	0.00000
4850.00000	0.00000
4850.50000	0.00000
4851.00000	0.00000
4851.50000	0.00000
4852.00000	0.00000
4852.50000	0.00000
4853.00000	0.00000
4853.50000	0.00000
4854.00000	0.00000
4854.50000	0.00000
4855.00000	0.00000
4855.50000	0.00000
4856.00000	0.00000
4856.50000	0.00000
4857.00000	0.00000
4857.50000	0.00000
4858.00000	0.00000
4858.50000	0.00000
4859.00000	0.00000
4859.50000	0.00000
4860.00000	0.00000
4860.50000	0.00000
4861.00000	0.00000
4861.50000	0.00000
4862.00000	0.00000
4862.50000	0.00000
4863.00000	0.00000
4863.50000	0.00000
4864.00000	0.00000
4864.50000	0.00000
4865.00000	0.00000
4865.50000	0.00000
4866.00000	0.00000
4866.50000	0.00000
4867.00000	0.00000
4867.50000	0.00000
4868.00000	0.00000
4868.50000	0.00000
4869.00000	0.00000
4869.50000	0.00000
4870.00000	0.00000
4870.50000	0.00000
4871.00000	0.00000
4871.50000	0.00000
4872.00000	0.00000
4872.50000	0.00000
4873.00000	0.00000
4873.50000	0.00000
4874.00000	0.00000
4874.50000	0.00000
4875.00000	0.00000
4875.50000	0.00000
4876.00000	0.00000
4876.50000	0.00000
4877.00000	0.00000
4877.50000	0.00000
4878.00000	0.00000
4878.50000	0.00000
4879.00000	0.00000
4879.50000	0.00000
4880.00000	0.00000
4880.50000	0.00000
4881.00000	0.00000
4881.50000	0.00000
4882.00000	0.00000
4882.50000	0.00000
4883.00000	0.00000
4883.50000	0.00000
4884.00000	0.00000
4884.50000	0.00000
4885.00000	0.00000
4885.50000	0.00000
4886.00000	0.00000
4886.50000	0.00000
4887.00000	0.00000
4887.50000	0.00000
4888.00000	0.00000
4888.50000	0.00000
4889.00000	0.00000
4889.50000	0.00000
4890.00000	0.00000
4890.50000	0.00000
4891.00000	0.00000
4891.50000	0.00000
4892.00000	0.00000
4892.50000	0.00000
4893.00000	0.00000
4893.50000	0.00000
4894.00000	0.00000
4894.50000	0.00000
4895.00000	0.00000
4895.50000	0.00000
4896.00000	0.00000
4896.50000	0.00000
4897.00000	0.00000
4897.50000	0.00000
4898.00000	0.00000
4898.50000	0.00000
4899.00000	0.00000
4899.50000	0.00000
4900.00000	0.00000
4900.50000	0.00000
4901.00000	0.00000
4901.50000	0.00000
4902.00000	0.00000
4902.50000	0.00000
4903.00000	0.00000
4903.50000	0.00000
4904.00000	0.00000
4904.50000	0.00000
4905.00000	0.00000
4905.50000	0.00000
4906.00000	0.00000
4906.50000	0.00000
4907.00000	0.00000
4907.50000	0.00000
4908.00000	0.00000
4908.50000	0.00000
4909.00000	0.00000
4909.50000	0.00000
4910.00000	0.00000
4910.50000	0.00000
4911.00000	0.00000
4911.50000	0.00000
4912.00000	0.00000
4912.50000	0.00000
4913.00000	0.00000
4913.50000	0.00000
4914.00000	0.00000
4914.50000	0.00000
4915.00000	0.00000
4915.50000	0.00000
4916.00000	0.00000
4916.50000	0.00000
4917.00000	0.00000
4917.50000	0.00000
4918.00000	0.00000
4918.50000	0.00000
4919.00000	0.00000
4919.50000	0.00000
4920.00000	0.00000
4920.50000	0.00000
4921.00000	0.00000
4921.50000	0.00000
4922.00000	0.00000
4922.50000	0.00000
4923.00000	0.00000
4923.50000	0.00000
4924.00000	0.00000
4924.50000	0.00000
4925.00000	0.00000
4925.50000	0.00000
4926.00000	0.00000
4926.50000	0.00000
4927.00000	0.00000
4927.50000	0.00000
4928.00000	0.00000
4928.50000	0.00000
4929.00000	0.00000
4929.50000	0.00000
4930.00000	0.00000
4930.50000	0.00000
4931.00000	0.00000
4931.50000	0.00000
4932.00000	0.00000
4932.50000	0.00000
4933.00000	0.00000
4933.50000	0.00000
4934.00000	0.00000
4934.50000	0.00000
4935.00000	0.00000
4935.50000	0.00000
4936.00000	0.00000
4936.50000	0.00000
4937.00000	0.00000
4937.50000	0.00000
4938.00000	0.00000
4938.50000	0.00000
4939.00000	0.00000
4939.50000	0.00000
4940.00000	0.00000
4940.50000	0.00000
4941.00000	0.00000
4941.50000	0.00000
4942.00000	0.00000
4942.50000	0.00000
4943.00000	0.00000
4943.50000	0.00000
4944.00000	0.00000
4944.50000	0.00000
4945.00000	0.00000
4945.50000	0.00000
4946.00000	0.00000
4946.50000	0.00000
4947.00000	0.00000
4947.50000	0.00000
4948.00000	0.00000
4948.50000	0.00000
4949.00000	0.00000
4949.50000	0.00000
4950.00000	0.00000
4950.50000	0.00000
4951.00000	0.00000
4951.50000	0.00000
4952.00000	0.00000
4952.50000	0.00000
4953.00000	0.00000
4953.50000	0.00000
4954.00000	0.00000
4954.50000	0.00000
4955.00000	0.00000
4955.50000	0.00000
4956.00000	0.00000
4956.50000	0.00000
4957.00000	0.00000
4957.50000	0.00000
4958.00000	0.00000
4958.50000	0.00000
4959.00000	0.00000
4959.50000	0.00000
4960.00000	0.00000
4960.50000	0.00000
4961.00000	0.00000
4961.50000	0.00000
4962.00000	0.00000
4962.50000	0.00000
4963.00000	0.00000
4963.50000	0.00000
4964.00000	0.00000
4964.50000	0.00000
4965.00000	0.00000
4965.50000	0.00000
4966.00000	0.00000
4966.50000	0.00000
4967.00000	0.00000
4967.50000	0.00000
4968.00000	0.00000
4968.50000	0.00000
4969.00000	0.00000
4969.50000	0.00000
4970.00000	0.00000
4970.50000	0.00000
4971.00000	0.00000
4971.50000	0.00000
4972.00000	0.00000
4972.50000	0.00000
4973.00000	0.00000
4973.50000	0.00000
4974.00000	0.00000
4974.50000	0.00000
4975.00000	0.00000
4975.50000	0.00000
4976.00000	0.00000
4976.50000	0.00000
4977.00000	0.00000
4977.50000	0.00000
4978.00000	0.00000
4978.50000	0.00000
4979.00000	0.00000
4979.50000	0.00000
4980.00000	0.00000
4980.50000	0.00000
4981.00000	0.00000
4981.50000	0.00000
4982.00000	0.00000
4982.50000	0.00000
4983.00000	0.00000
4983.50000	0.00000
4984.00000	0.00100
4984.50000	0.00100
4985.00000	0.00100
4985.50000	0.00100
4986.00000	0.00100
4986.50000	0.00100
4987.00000	0.00100
4987.50000	0.00100
4988.00000	0.00100
4988.50000	0.00100
4989.00000	0.00100
4989.50000	0.00100
4990.00000	0.00100
4990.50000	0.00100
4991.00000	0.00100
4991.50000	0.00100
4992.00000	0.00100
4992.50000	0.00100
4993.00000	0.00100
4993.50000	0.00100
4994.00000	0.00100
4994.50000	0.00100
4995.00000	0.00100
4995.50000	0.00100
4996.00000	0.00100
4996.50000	0.00100
4997.00000	0.00100
4997.50000	0.00100
4998.00000	0.00100
4998.50000	0.00100
4999.00000	0.00100
4999.50000	0.00100
5000.00000	0.00100
5000.50000	0.00100
5001.00000	0.00100
5001.50000	0.00100
5002.00000	0.00100
5002.50000	0.00100
5003.00000	0.00100
5003.50000	0.00100
5004.00000	0.00100
5004.50000	0.00100
5005.00000	0.00100
5005.50000	0.00100
5006.00000	0.00100
5006.50000	0.00100
5007.00000	0.00100
5007.50000	0.00100
5008.00000	0.00100
5008.50000	0.00100
5009.00000	0.00100
5009.50000	0.00100
5010.00000	0.00100
5010.50000	0.00100
5011.00000	0.00100
5011.50000	0.00100
5012.00000	0.00100
5012.50000	0.00100
5013.00000	0.00100
5013.50000	0.00100
5014.00000	0.00100
5014.50000	0.00100
5015.00000	0.00100
5015.50000	0.00100
5016.00000	0.00100
5016.50000	0.00100
5017.00000	0.00100
5017.50000	0.00100
5018.00000	0.00100
5018.50000	0.00100
5019.00000	0.00100
5019.50000	0.00100
5020.00000	0.00100
5020.50000	0.00100
5021.00000	0.00100
5021.50000	0.00100
5022.00000	0.00100
5022.50000	0.00100
5023.00000	0.00100
5023.50000	0.00100
5024.00000	0.00200
5024.50000	0.00200
5025.00000	0.00200
5025.50000	0.00200
5026.00000	0.00200
5026.50000	0.00200
5027.00000	0.00200
5027.50000	0.00200
5028.00000	0.00200
5028.50000	0.00200
5029.00000	0.00200
5029.50000	0.00200
5030.00000	0.00200
5030.50000	0.00200
5031.00000	0.00200
5031.50000	0.00200
5032.00000	0.00200
5032.50000	0.00200
5033.00000	0.00200
5033.50000	0.00200
5034.00000	0.00200
5034.50000	0.00200
5035.00000	0.00200
5035.50000	0.00200
5036.00000	0.00200
5036.50000	0.00200
5037.00000	0.00200
5037.50000	0.00200
5038.00000	0.00200
5038.50000	0.00200
5039.00000	0.00200
5039.50000	0.00200
5040.00000	0.00200
5040.50000	0.00200
5041.00000	0.00200
5041.50000	0.00300
5042.00000	0.00300
5042.50000	0.00300
5043.00000	0.00300
5043.50000	0.00300
5044.00000	0.00300
5044.50000	0.00300
5045.00000	0.00300
5045.50000	0.00300
5046.00000	0.00300
5046.50000	0.00300
5047.00000	0.00400
5047.50000	0.00400
5048.00000	0.00400
5048.50000	0.00400
5049.00000	0.00400
5049.50000	0.00400
5050.00000	0.00400
5050.50000	0.00500
5051.00000	0.00500
5051.50000	0.00500
5052.00000	0.00500
5052.50000	0.00500
5053.00000	0.00600
5053.50000	0.00600
5054.00000	0.00600
5054.50000	0.00600
5055.00000	0.00700
5055.50000	0.00700
5056.00000	0.00700
5056.50000	0.00700
5057.00000	0.00800
5057.50000	0.00800
5058.00000	0.00800
5058.50000	0.00900
5059.00000	0.00900
5059.50000	0.01000
5060.00000	0.01000
5060.50000	0.01100
5061.00000	0.01100
5061.50000	0.01200
5062.00000	0.01200
5062.50000	0.01300
5063.00000	0.01300
5063.50000	0.01400
5064.00000	0.01500
5064.50000	0.01500
5065.00000	0.01600
5065.50000	0.01700
5066.00000	0.01800
5066.50000	0.01900
5067.00000	0.02000
5067.50000	0.02100
5068.00000	0.02200
5068.50000	0.02300
5069.00000	0.02400
5069.50000	0.02600
5070.00000	0.02700
5070.50000	0.02900
5071.00000	0.03000
5071.50000	0.03200
5072.00000	0.03300
5072.50000	0.03500
5073.00000	0.03700
5073.50000	0.03900
5074.00000	0.04100
5074.50000	0.04400
5075.00000	0.04600
5075.50000	0.04900
5076.00000	0.05100
5076.50000	0.05400
5077.00000	0.05700
5077.50000	0.06000
5078.00000	0.06300
5078.50000	0.06700
5079.00000	0.07000
5079.50000	0.07400
5080.00000	0.07800
5080.50000	0.08200
5081.00000	0.08600
5081.50000	0.09000
5082.00000	0.09500
5082.50000	0.10000
5083.00000	0.10500
5083.50000	0.11000
5084.00000	0.11600
5084.50000	0.12100
5085.00000	0.12700
5085.50000	0.13300
5086.00000	0.14000
5086.50000	0.14600
5087.00000	0.15300
5087.50000	0.16000
5088.00000	0.16700
5088.50000	0.17400
5089.00000	0.18200
5089.50000	0.19000
5090.00000	0.19800
5090.50000	0.20600
5091.00000	0.21400
5091.50000	0.22200
5092.00000	0.23100
5092.50000	0.24000
5093.00000	0.24900
5093.50000	0.25800
5094.00000	0.26700
5094.50000	0.27600
5095.00000	0.28600
5095.50000	0.29500
5096.00000	0.30500
5096.50000	0.31400
5097.00000	0.32400
5097.50000	0.33400
5098.00000	0.34400
5098.50000	0.35400
5099.00000	0.36400
5099.50000	0.37400
5100.00000	0.38400
5100.50000	0.39500
5101.00000	0.40500
5101.50000	0.41500
5102.00000	0.42500
5102.50000	0.43500
5103.00000	0.44500
5103.50000	0.45500
5104.00000	0.46500
5104.50000	0.47500
5105.00000	0.48500
5105.50000	0.49500
5106.00000	0.50400
5106.50000	0.51400
5107.00000	0.52300
5107.50000	0.53300
5108.00000	0.54200
5108.50000	0.55100
5109.00000	0.56000
5109.50000	0.56900
5110.00000	0.57800
5110.50000	0.58600
5111.00000	0.59500
5111.50000	0.60300
5112.00000	0.61100
5112.50000	0.61900
5113.00000	0.62700
5113.50000	0.63500
5114.00000	0.64200
5114.50000	0.64900
5115.00000	0.65600
5115.50000	0.66300
5116.00000	0.67000
5116.50000	0.67600
5117.00000	0.68200
5117.50000	0.68800
5118.00000	0.69400
5118.50000	0.70000
5119.00000	0.70500
5119.50000	0.71000
5120.00000	0.71500
5120.50000	0.72000
5121.00000	0.72500
5121.50000	0.72900
5122.00000	0.73300
5122.50000	0.73700
5123.00000	0.74100
5123.50000	0.74400
5124.00000	0.74800
5124.50000	0.75100
5125.00000	0.75400
5125.50000	0.75700
5126.00000	0.75900
5126.50000	0.76200
5127.00000	0.76400
5127.50000	0.76700
5128.00000	0.76900
5128.50000	0.77100
5129.00000	0.77300
5129.50000	0.77500
5130.00000	0.77600
5130.50000	0.77800
5131.00000	0.77900
5131.50000	0.78100
5132.00000	0.78200
5132.50000	0.78300
5133.00000	0.78400
5133.50000	0.78500
5134.00000	0.78600
5134.50000	0.78700
5135.00000	0.78800
5135.50000	0.78800
5136.00000	0.78900
5136.50000	0.79000
5137.00000	0.79100
5137.50000	0.79100
5138.00000	0.79200
5138.50000	0.79200
5139.00000	0.79300
5139.50000	0.79300
5140.00000	0.79400
5140.50000	0.79400
5141.00000	0.79500
5141.50000	0.79500
5142.00000	0.79500
5142.50000	0.79600
5143.00000	0.79600
5143.50000	0.79600
5144.00000	0.79700
5144.50000	0.79700
5145.00000	0.79700
5145.50000	0.79700
5146.00000	0.79800
5146.50000	0.79800
5147.00000	0.79800
5147.50000	0.79800
5148.00000	0.79800
5148.50000	0.79900
5149.00000	0.79900
5149.50000	0.79900
5150.00000	0.79900
5150.50000	0.79900
5151.00000	0.79900
5151.50000	0.79900
5152.00000	0.80000
5152.50000	0.80000
5153.00000	0.80000
5153.50000	0.80000
5154.00000	0.80000
5154.50000	0.80000
5155.00000	0.80000
5155.50000	0.80000
5156.00000	0.80000
5156.50000	0.80100
5157.00000	0.80100
5157.50000	0.80000
5158.00000	0.80100
5158.50000	0.80100
5159.00000	0.80100
5159.50000	0.80100
5160.00000	0.80100
5160.50000	0.80100
5161.00000	0.80100
5161.50000	0.80100
5162.00000	0.80000
5162.50000	0.80000
5163.00000	0.80000
5163.50000	0.80000
5164.00000	0.80000
5164.50000	0.80000
5165.00000	0.80000
5165.50000	0.80000
5166.00000	0.80000
5166.50000	0.80000
5167.00000	0.80000
5167.50000	0.79900
5168.00000	0.79900
5168.50000	0.79900
5169.00000	0.79900
5169.50000	0.79900
5170.00000	0.79900
5170.50000	0.79900
5171.00000	0.79800
5171.50000	0.79800
5172.00000	0.79800
5172.50000	0.79800
5173.00000	0.79700
5173.50000	0.79700
5174.00000	0.79700
5174.50000	0.79600
5175.00000	0.79600
5175.50000	0.79600
5176.00000	0.79500
5176.50000	0.79500
5177.00000	0.79400
5177.50000	0.79400
5178.00000	0.79300
5178.50000	0.79300
5179.00000	0.79200
5179.50000	0.79200
5180.00000	0.79100
5180.50000	0.79000
5181.00000	0.78900
5181.50000	0.78900
5182.00000	0.78800
5182.50000	0.78700
5183.00000	0.78600
5183.50000	0.78500
5184.00000	0.78400
5184.50000	0.78300
5185.00000	0.78200
5185.50000	0.78100
5186.00000	0.77900
5186.50000	0.77800
5187.00000	0.77700
5187.50000	0.77500
5188.00000	0.77400
5188.50000	0.77200
5189.00000	0.77000
5189.50000	0.76800
5190.00000	0.76600
5190.50000	0.76400
5191.00000	0.76200
5191.50000	0.76000
5192.00000	0.75700
5192.50000	0.75500
5193.00000	0.75200
5193.50000	0.74900
5194.00000	0.74600
5194.50000	0.74300
5195.00000	0.74000
5195.50000	0.73600
5196.00000	0.73300
5196.50000	0.72900
5197.00000	0.72500
5197.50000	0.72100
5198.00000	0.71700
5198.50000	0.71200
5199.00000	0.70800
5199.50000	0.70300
5200.00000	0.69800
5200.50000	0.69300
5201.00000	0.68700
5201.50000	0.68200
5202.00000	0.67600
5202.50000	0.67000
5203.00000	0.66400
5203.50000	0.65700
5204.00000	0.65100
5204.50000	0.64400
5205.00000	0.63700
5205.50000	0.63000
5206.00000	0.62300
5206.50000	0.61600
5207.00000	0.60800
5207.50000	0.60100
5208.00000	0.59300
5208.50000	0.58500
5209.00000	0.57700
5209.50000	0.56900
5210.00000	0.56000
5210.50000	0.55200
5211.00000	0.54300
5211.50000	0.53400
5212.00000	0.52600
5212.50000	0.51700
5213.00000	0.50800
5213.50000	0.49900
5214.00000	0.48900
5214.50000	0.48000
5215.00000	0.47100
5215.50000	0.46200
5216.00000	0.45200
5216.50000	0.44300
5217.00000	0.43400
5217.50000	0.42400
5218.00000	0.41500
5218.50000	0.40500
5219.00000	0.39600
5219.50000	0.38700
5220.00000	0.37700
5220.50000	0.36800
5221.00000	0.35800
5221.50000	0.34900
5222.00000	0.34000
5222.50000	0.33100
5223.00000	0.32200
5223.50000	0.31300
5224.00000	0.30400
5224.50000	0.29500
5225.00000	0.28600
5225.50000	0.27700
5226.00000	0.26900
5226.50000	0.26000
5227.00000	0.25200
5227.50000	0.24300
5228.00000	0.23500
5228.50000	0.22700
5229.00000	0.22000
5229.50000	0.21200
5230.00000	0.20400
5230.50000	0.19700
5231.00000	0.19000
5231.50000	0.18300
5232.00000	0.17600
5232.50000	0.16900
5233.00000	0.16200
5233.50000	0.15600
5234.00000	0.15000
5234.50000	0.14400
5235.00000	0.13800
5235.50000	0.13200
5236.00000	0.12700
5236.50000	0.12100
5237.00000	0.11600
5237.50000	0.11100
5238.00000	0.10700
5238.50000	0.10200
5239.00000	0.09800
5239.50000	0.09300
5240.00000	0.08900
5240.50000	0.08500
5241.00000	0.08100
5241.50000	0.07800
5242.00000	0.07400
5242.50000	0.07100
5243.00000	0.06800
5243.50000	0.06500
5244.00000	0.06200
5244.50000	0.05900
5245.00000	0.05600
5245.50000	0.05300
5246.00000	0.05100
5246.50000	0.04900
5247.00000	0.04600
5247.50000	0.04400
5248.00000	0.04200
5248.50000	0.04000
5249.00000	0.03800
5249.50000	0.03700
5250.00000	0.03500
5250.50000	0.03300
5251.00000	0.03200
5251.50000	0.03000
5252.00000	0.02900
5252.50000	0.02800
5253.00000	0.02600
5253.50000	0.02500
5254.00000	0.02400
5254.50000	0.02300
5255.00000	0.02200
5255.50000	0.02100
5256.00000	0.02000
5256.50000	0.01900
5257.00000	0.01800
5257.50000	0.01700
5258.00000	0.01700
5258.50000	0.01600
5259.00000	0.01500
5259.50000	0.01500
5260.00000	0.01400
5260.50000	0.01300
5261.00000	0.01300
5261.50000	0.01200
5262.00000	0.01200
5262.50000	0.01100
5263.00000	0.01100
5263.50000	0.01000
5264.00000	0.01000
5264.50000	0.01000
5265.00000	0.00900
5265.50000	0.00900
5266.00000	0.00800
5266.50000	0.00800
5267.00000	0.00800
5267.50000	0.00700
5268.00000	0.00700
5268.50000	0.00700
5269.00000	0.00700
5269.50000	0.00600
5270.00000	0.00600
5270.50000	0.00600
5271.00000	0.00600
5271.50000	0.00600
5272.00000	0.00500
5272.50000	0.00500
5273.00000	0.00500
5273.50000	0.00500
5274.00000	0.00500
5274.50000	0.00400
5275.00000	0.00400
5275.50000	0.00400
5276.00000	0.00400
5276.50000	0.00400
5277.00000	0.00400
5277.50000	0.00400
5278.00000	0.00400
5278.50000	0.00300
5279.00000	0.00300
5279.50000	0.00300
5280.00000	0.00300
5280.50000	0.00300
5281.00000	0.00300
5281.50000	0.00300
5282.00000	0.00300
5282.50000	0.00300
5283.00000	0.00300
5283.50000	0.00300
5284.00000	0.00200
5284.50000	0.00200
5285.00000	0.00200
5285.50000	0.00200
5286.00000	0.00200
5286.50000	0.00200
5287.00000	0.00200
5287.50000	0.00200
5288.00000	0.00200
5288.50000	0.00200
5289.00000	0.00200
5289.50000	0.00200
5290.00000	0.00200
5290.50000	0.00200
5291.00000	0.00200
5291.50000	0.00200
5292.00000	0.00200
5292.50000	0.00200
5293.00000	0.00200
5293.50000	0.00200
5294.00000	0.00200
5294.50000	0.00100
5295.00000	0.00100
5295.50000	0.00100
5296.00000	0.00100
5296.50000	0.00100
5297.00000	0.00100
5297.50000	0.00100
5298.00000	0.00100
5298.50000	0.00100
5299.00000	0.00100
5299.50000	0.00100
5300.00000	0.00100
5300.50000	0.00100
5301.00000	0.00100
5301.50000	0.00100
5302.00000	0.00100
5302.50000	0.00100
5303.00000	0.00100
5303.50000	0.00100
5304.00000	0.00100
5304.50000	0.00100
5305.00000	0.00100
5305.50000	0.00100
5306.00000	0.00100
5306.50000	0.00100
5307.00000	0.00100
5307.50000	0.00100
5308.00000	0.00100
5308.50000	0.00100
5309.00000	0.00100
5309.50000	0.00100
5310.00000	0.00100
5310.50000	0.00100
5311.00000	0.00100
5311.50000	0.00100
5312.00000	0.00100
5312.50000	0.00100
5313.00000	0.00100
5313.50000	0.00100
5314.00000	0.00100
5314.50000	0.00100
5315.00000	0.00100
5315.50000	0.00100
5316.00000	0.00100
5316.50000	0.00100
5317.00000	0.00100
5317.50000	0.00100
5318.00000	0.00100
5318.50000	0.00100
5319.00000	0.00100
5319.50000	0.00100
5320.00000	0.00100
5320.50000	0.00100
5321.00000	0.00100
5321.50000	0.00100
5322.00000	0.00100
5322.50000	0.00100
5323.00000	0.00100
5323.50000	0.00100
5324.00000	0.00100
5324.50000	0.00100
5325.00000	0.00100
5325.50000	0.00100
5326.00000	0.00100
5326.50000	0.00100
5327.00000	0.00100
5327.50000	0.00100
5328.00000	0.00100
5328.50000	0.00100
5329.00000	0.00100
5329.50000	0.00100
5330.00000	0.00100
5330.50000	0.00100
5331.00000	0.00100
5331.50000	0.00100
5332.00000	0.00100
5332.50000	0.00100
5333.00000	0.00100
5333.50000	0.00100
5334.00000	0.00100
5334.50000	0.00100
5335.00000	0.00100
5335.50000	0.00100
5336.00000	0.00100
5336.50000	0.00100
5337.00000	0.00100
5337.50000	0.00100
5338.00000	0.00100
5338.50000	0.00100
5339.00000	0.00100
5339.50000	0.00100
5340.00000	0.00100
5340.50000	0.00100
5341.00000	0.00100
5341.50000	0.00100
5342.00000	0.00100
5342.50000	0.00100
5343.00000	0.00100
5343.50000	0.00100
5344.00000	0.00100
5344.50000	0.00100
5345.00000	0.00100
5345.50000	0.00100
5346.00000	0.00100
5346.50000	0.00100
5347.00000	0.00100
5347.50000	0.00100
5348.00000	0.00100
5348.50000	0.00100
5349.00000	0.00100
5349.50000	0.00100
5350.00000	0.00100
5350.50000	0.00100
5351.00000	0.00100
5351.50000	0.00100
5352.00000	0.00100
5352.50000	0.00100
5353.00000	0.00100
5353.50000	0.00100
5354.00000	0.00100
5354.50000	0.00100
5355.00000	0.00100
5355.50000	0.00100
5356.00000	0.00100
5356.50000	0.00100
5357.00000	0.00100
5357.50000	0.00100
5358.00000	0.00100
5358.50000	0.00100
5359.00000	0.00100
5359.50000	0.00100
5360.00000	0.00100
5360.50000	0.00100
5361.00000	0.00100
5361.50000	0.00100
5362.00000	0.00100
5362.50000	0.00100
5363.00000	0.00100
5363.50000	0.00100
5364.00000	0.00100
5364.50000	0.00100
5365.00000	0.00100
5365.50000	0.00100
5366.00000	0.00100
5366.50000	0.00100
5367.00000	0.00100
5367.50000	0.00100
5368.00000	0.00100
5368.50000	0.00100
5369.00000	0.00100
5369.50000	0.00100
5370.00000	0.00100
5370.50000	0.00100
5371.00000	0.00100
5371.50000	0.00100
5372.00000	0.00100
5372.50000	0.00100
5373.00000	0.00100
5373.50000	0.00100
5374.00000	0.00100
5374.50000	0.00100
5375.00000	0.00100
5375.50000	0.00100
5376.00000	0.00100
5376.50000	0.00100
5377.00000	0.00100
5377.50000	0.00100
5378.00000	0.00100
5378.50000	0.00100
5379.00000	0.00100
5379.50000	0.00100
5380.00000	0.00100
5380.50000	0.00100
5381.00000	0.00100
5381.50000	0.00100
5382.00000	0.00100
5382.50000	0.00100
5383.00000	0.00100
5383.50000	0.00100
5384.00000	0.00100
5384.50000	0.00100
5385.00000	0.00100
5385.50000	0.00100
5386.00000	0.00100
5386.50000	0.00100
5387.00000	0.00100
5387.50000	0.00100
5388.00000	0.00100
5388.50000	0.00100
5389.00000	0.00100
5389.50000	0.00100
5390.00000	0.00100
5390.50000	0.00100
5391.00000	0.00100
5391.50000	0.00100
5392.00000	0.00100
5392.50000	0.00100
5393.00000	0.00100
5393.50000	0.00100
5394.00000	0.00100
5394.50000	0.00100
5395.00000	0.00100
5395.50000	0.00100
5396.00000	0.00100
5396.50000	0.00100
5397.00000	0.00100
5397.50000	0.00100
5398.00000	0.00100
5398.50000	0.00100
5399.00000	0.00100
5399.50000	0.00100
5400.00000	0.00100
5400.50000	0.00100
5401.00000	0.00100
5401.50000	0.00100
5402.00000	0.00100
5402.50000	0.00100
5403.00000	0.00100
5403.50000	0.00100
5404.00000	0.00100
5404.50000	0.00100
5405.00000	0.00100
5405.50000	0.00100
5406.00000	0.00100
5406.50000	0.00100
5407.00000	0.00100
5407.50000	0.00100
5408.00000	0.00100
5408.50000	0.00100
5409.00000	0.00100
5409.50000	0.00100
5410.00000	0.00100
5410.50000	0.00100
5411.00000	0.00100
5411.50000	0.00100
5412.00000	0.00100
5412.50000	0.00100
5413.00000	0.00100
5413.50000	0.00100
5414.00000	0.00100
5414.50000	0.00100
5415.00000	0.00100
5415.50000	0.00100
5416.00000	0.00100
5416.50000	0.00100
5417.00000	0.00100
5417.50000	0.00100
5418.00000	0.00100
5418.50000	0.00100
5419.00000	0.00100
5419.50000	0.00100
5420.00000	0.00100
5420.50000	0.00100
5421.00000	0.00100
5421.50000	0.00100
5422.00000	0.00100
5422.50000	0.00100
5423.00000	0.00100
5423.50000	0.00100
5424.00000	0.00100
5424.50000	0.00100
5425.00000	0.00100
5425.50000	0.00100
5426.00000	0.00100
5426.50000	0.00100
5427.00000	0.00100
5427.50000	0.00100
5428.00000	0.00100
5428.50000	0.00100
5429.00000	0.00100
5429.50000	0.00100
5430.00000	0.00100
5430.50000	0.00100
5431.00000	0.00100
5431.50000	0.00100
5432.00000	0.00100
5432.50000	0.00100
5433.00000	0.00100
5433.50000	0.00100
5434.00000	0.00100
5434.50000	0.00100
5435.00000	0.00100
5435.50000	0.00100
5436.00000	0.00100
5436.50000	0.00100
5437.00000	0.00100
5437.50000	0.00100
5438.00000	0.00100
5438.50000	0.00100
5439.00000	0.00100
5439.50000	0.00100
5440.00000	0.00100
5440.50000	0.00100
5441.00000	0.00100
5441.50000	0.00100
5442.00000	0.00100
5442.50000	0.00100
5443.00000	0.00100
5443.50000	0.00100
5444.00000	0.00100
5444.50000	0.00100
5445.00000	0.00100
5445.50000	0.00100
5446.00000	0.00100
5446.50000	0.00100
5447.00000	0.00100
5447.50000	0.00100
5448.00000	0.00100
5448.50000	0.00100
5449.00000	0.00100
5449.50000	0.00100
5450.00000	0.00100
5450.50000	0.00100
5451.00000	0.00100
5451.50000	0.00100
5452.00000	0.00100
5452.50000	0.00100
5453.00000	0.00100
5453.50000	0.00100
5454.00000	0.00100
5454.50000	0.00100
5455.00000	0.00100
5455.50000	0.00100
5456.00000	0.00100
5456.50000	0.00100
5457.00000	0.00100
5457.50000	0.00100
5458.00000	0.00100
5458.50000	0.00100
5459.00000	0.00100
5459.50000	0.00100
5460.00000	0.00100
5460.50000	0.00100
5461.00000	0.00100
5461.50000	0.00100
5462.00000	0.00100
5462.50000	0.00100
5463.00000	0.00100
5463.50000	0.00100
5464.00000	0.00100
5464.50000	0.00100
5465.00000	0.00100
5465.50000	0.00100
5466.00000	0.00100
5466.50000	0.00100
5467.00000	0.00100
5467.50000	0.00100
5468.00000	0.00100
5468.50000	0.00100
5469.00000	0.00100
5469.50000	0.00100
5470.00000	0.00100
5470.50000	0.00100
5471.00000	0.00100
5471.50000	0.00100
5472.00000	0.00100
5472.50000	0.00100
5473.00000	0.00100
5473.50000	0.00100
5474.00000	0.00100
5474.50000	0.00100
5475.00000	0.00100
5475.50000	0.00100
5476.00000	0.00100
5476.50000	0.00100
5477.00000	0.00100
5477.50000	0.00100
5478.00000	0.00100
5478.50000	0.00100
5479.00000	0.00100
5479.50000	0.00100
5480.00000	0.00100
5480.50000	0.00100
5481.00000	0.00100
5481.50000	0.00100
5482.00000	0.00100
5482.50000	0.00100
5483.00000	0.00100
5483.50000	0.00100
5484.00000	0.00100
5484.50000	0.00100
5485.00000	0.00100
5485.50000	0.00100
5486.00000	0.00100
5486.50000	0.00100
5487.00000	0.00100
5487.50000	0.00100
5488.00000	0.00100
5488.50000	0.00100
5489.00000	0.00100
