7952.00000	0.00000
7952.50000	0.00000
7953.00000	0.00000
7953.50000	0.00000
7954.00000	0.00000
7954.50000	0.00000
7955.00000	0.00000
7955.50000	0.00000
7956.00000	0.00000
7956.50000	0.00000
7957.00000	0.00000
7957.50000	0.00000
7958.00000	0.00000
7958.50000	0.00000
7959.00000	0.00000
7959.50000	0.00000
7960.00000	0.00000
7960.50000	0.00000
7961.00000	0.00000
7961.50000	0.00000
7962.00000	0.00000
7962.50000	0.00000
7963.00000	0.00000
7963.50000	0.00000
7964.00000	0.00000
7964.50000	0.00000
7965.00000	0.00000
7965.50000	0.00000
7966.00000	0.00000
7966.50000	0.00000
7967.00000	0.00000
7967.50000	0.00000
7968.00000	0.00000
7968.50000	0.00000
7969.00000	0.00000
7969.50000	0.00000
7970.00000	0.00000
7970.50000	0.00000
7971.00000	0.00000
7971.50000	0.00000
7972.00000	0.00000
7972.50000	0.00000
7973.00000	0.00000
7973.50000	0.00000
7974.00000	0.00000
7974.50000	0.00000
7975.00000	0.00000
7975.50000	0.00000
7976.00000	0.00000
7976.50000	0.00000
7977.00000	0.00000
7977.50000	0.00000
7978.00000	0.00000
7978.50000	0.00000
7979.00000	0.00000
7979.50000	0.00000
7980.00000	0.00000
7980.50000	0.00000
7981.00000	0.00000
7981.50000	0.00000
7982.00000	0.00000
7982.50000	0.00000
7983.00000	0.00000
7983.50000	0.00000
7984.00000	0.00000
7984.50000	0.00000
7985.00000	0.00000
7985.50000	0.00000
7986.00000	0.00000
7986.50000	0.00000
7987.00000	0.00000
7987.50000	0.00000
7988.00000	0.00000
7988.50000	0.00000
7989.00000	0.00000
7989.50000	0.00000
7990.00000	0.00000
7990.50000	0.00000
7991.00000	0.00000
7991.50000	0.00000
7992.00000	0.00000
7992.50000	0.00000
7993.00000	0.00000
7993.50000	0.00000
7994.00000	0.00000
7994.50000	0.00000
7995.00000	0.00000
7995.50000	0.00000
7996.00000	0.00000
7996.50000	0.00000
7997.00000	0.00000
7997.50000	0.00000
7998.00000	0.00000
7998.50000	0.00000
7999.00000	0.00000
7999.50000	0.00000
8000.00000	0.00000
8000.50000	0.00000
8001.00000	0.00000
8001.50000	0.00000
8002.00000	0.00000
8002.50000	0.00000
8003.00000	0.00000
8003.50000	0.00000
8004.00000	0.00000
8004.50000	0.00000
8005.00000	0.00000
8005.50000	0.00000
8006.00000	0.00000
8006.50000	0.00000
8007.00000	0.00000
8007.50000	0.00000
8008.00000	0.00000
8008.50000	0.00000
8009.00000	0.00000
8009.50000	0.00000
8010.00000	0.00000
8010.50000	0.00000
8011.00000	0.00000
8011.50000	0.00000
8012.00000	0.00000
8012.50000	0.00000
8013.00000	0.00000
8013.50000	0.00000
8014.00000	0.00000
8014.50000	0.00000
8015.00000	0.00000
8015.50000	0.00000
8016.00000	0.00000
8016.50000	0.00000
8017.00000	0.00000
8017.50000	0.00000
8018.00000	0.00000
8018.50000	0.00000
8019.00000	0.00000
8019.50000	0.00000
8020.00000	0.00000
8020.50000	0.00000
8021.00000	0.00000
8021.50000	0.00000
8022.00000	0.00000
8022.50000	0.00000
8023.00000	0.00000
8023.50000	0.00000
8024.00000	0.00000
8024.50000	0.00000
8025.00000	0.00000
8025.50000	0.00000
8026.00000	0.00000
8026.50000	0.00000
8027.00000	0.00000
8027.50000	0.00000
8028.00000	0.00000
8028.50000	0.00000
8029.00000	0.00000
8029.50000	0.00000
8030.00000	0.00000
8030.50000	0.00000
8031.00000	0.00000
8031.50000	0.00000
8032.00000	0.00000
8032.50000	0.00000
8033.00000	0.00000
8033.50000	0.00000
8034.00000	0.00000
8034.50000	0.00000
8035.00000	0.00000
8035.50000	0.00000
8036.00000	0.00000
8036.50000	0.00000
8037.00000	0.00000
8037.50000	0.00000
8038.00000	0.00000
8038.50000	0.00000
8039.00000	0.00000
8039.50000	0.00000
8040.00000	0.00000
8040.50000	0.00000
8041.00000	0.00000
8041.50000	0.00000
8042.00000	0.00000
8042.50000	0.00000
8043.00000	0.00000
8043.50000	0.00000
8044.00000	0.00000
8044.50000	0.00000
8045.00000	0.00000
8045.50000	0.00000
8046.00000	0.00000
8046.50000	0.00000
8047.00000	0.00000
8047.50000	0.00000
8048.00000	0.00000
8048.50000	0.00000
8049.00000	0.00000
8049.50000	0.00000
8050.00000	0.00000
8050.50000	0.00000
8051.00000	0.00000
8051.50000	0.00000
8052.00000	0.00000
8052.50000	0.00000
8053.00000	0.00000
8053.50000	0.00000
8054.00000	0.00000
8054.50000	0.00000
8055.00000	0.00000
8055.50000	0.00000
8056.00000	0.00000
8056.50000	0.00000
8057.00000	0.00000
8057.50000	0.00000
8058.00000	0.00000
8058.50000	0.00000
8059.00000	0.00000
8059.50000	0.00000
8060.00000	0.00000
8060.50000	0.00000
8061.00000	0.00000
8061.50000	0.00000
8062.00000	0.00000
8062.50000	0.00000
8063.00000	0.00000
8063.50000	0.00000
8064.00000	0.00000
8064.50000	0.00000
8065.00000	0.00000
8065.50000	0.00000
8066.00000	0.00000
8066.50000	0.00000
8067.00000	0.00000
8067.50000	0.00000
8068.00000	0.00000
8068.50000	0.00100
8069.00000	0.00100
8069.50000	0.00100
8070.00000	0.00100
8070.50000	0.00100
8071.00000	0.00100
8071.50000	0.00100
8072.00000	0.00100
8072.50000	0.00100
8073.00000	0.00100
8073.50000	0.00100
8074.00000	0.00100
8074.50000	0.00100
8075.00000	0.00100
8075.50000	0.00100
8076.00000	0.00100
8076.50000	0.00100
8077.00000	0.00100
8077.50000	0.00100
8078.00000	0.00100
8078.50000	0.00100
8079.00000	0.00100
8079.50000	0.00100
8080.00000	0.00100
8080.50000	0.00100
8081.00000	0.00100
8081.50000	0.00100
8082.00000	0.00100
8082.50000	0.00100
8083.00000	0.00100
8083.50000	0.00100
8084.00000	0.00100
8084.50000	0.00100
8085.00000	0.00100
8085.50000	0.00100
8086.00000	0.00100
8086.50000	0.00100
8087.00000	0.00100
8087.50000	0.00100
8088.00000	0.00100
8088.50000	0.00100
8089.00000	0.00100
8089.50000	0.00100
8090.00000	0.00100
8090.50000	0.00100
8091.00000	0.00200
8091.50000	0.00200
8092.00000	0.00200
8092.50000	0.00200
8093.00000	0.00200
8093.50000	0.00200
8094.00000	0.00200
8094.50000	0.00200
8095.00000	0.00200
8095.50000	0.00200
8096.00000	0.00200
8096.50000	0.00200
8097.00000	0.00200
8097.50000	0.00200
8098.00000	0.00200
8098.50000	0.00200
8099.00000	0.00200
8099.50000	0.00200
8100.00000	0.00200
8100.50000	0.00200
8101.00000	0.00200
8101.50000	0.00200
8102.00000	0.00200
8102.50000	0.00200
8103.00000	0.00300
8103.50000	0.00300
8104.00000	0.00300
8104.50000	0.00300
8105.00000	0.00300
8105.50000	0.00300
8106.00000	0.00300
8106.50000	0.00300
8107.00000	0.00300
8107.50000	0.00300
8108.00000	0.00300
8108.50000	0.00300
8109.00000	0.00300
8109.50000	0.00300
8110.00000	0.00400
8110.50000	0.00400
8111.00000	0.00400
8111.50000	0.00400
8112.00000	0.00400
8112.50000	0.00400
8113.00000	0.00400
8113.50000	0.00400
8114.00000	0.00400
8114.50000	0.00400
8115.00000	0.00500
8115.50000	0.00500
8116.00000	0.00500
8116.50000	0.00500
8117.00000	0.00500
8117.50000	0.00500
8118.00000	0.00500
8118.50000	0.00500
8119.00000	0.00600
8119.50000	0.00600
8120.00000	0.00600
8120.50000	0.00600
8121.00000	0.00600
8121.50000	0.00600
8122.00000	0.00700
8122.50000	0.00700
8123.00000	0.00700
8123.50000	0.00700
8124.00000	0.00700
8124.50000	0.00700
8125.00000	0.00800
8125.50000	0.00800
8126.00000	0.00800
8126.50000	0.00800
8127.00000	0.00900
8127.50000	0.00900
8128.00000	0.00900
8128.50000	0.00900
8129.00000	0.00900
8129.50000	0.01000
8130.00000	0.01000
8130.50000	0.01000
8131.00000	0.01100
8131.50000	0.01100
8132.00000	0.01100
8132.50000	0.01100
8133.00000	0.01200
8133.50000	0.01200
8134.00000	0.01200
8134.50000	0.01300
8135.00000	0.01300
8135.50000	0.01300
8136.00000	0.01400
8136.50000	0.01400
8137.00000	0.01400
8137.50000	0.01500
8138.00000	0.01500
8138.50000	0.01600
8139.00000	0.01600
8139.50000	0.01600
8140.00000	0.01700
8140.50000	0.01700
8141.00000	0.01800
8141.50000	0.01800
8142.00000	0.01900
8142.50000	0.01900
8143.00000	0.02000
8143.50000	0.02000
8144.00000	0.02100
8144.50000	0.02200
8145.00000	0.02200
8145.50000	0.02300
8146.00000	0.02300
8146.50000	0.02400
8147.00000	0.02500
8147.50000	0.02500
8148.00000	0.02600
8148.50000	0.02700
8149.00000	0.02800
8149.50000	0.02800
8150.00000	0.02900
8150.50000	0.03000
8151.00000	0.03100
8151.50000	0.03100
8152.00000	0.03200
8152.50000	0.03300
8153.00000	0.03400
8153.50000	0.03500
8154.00000	0.03600
8154.50000	0.03700
8155.00000	0.03800
8155.50000	0.03900
8156.00000	0.04000
8156.50000	0.04100
8157.00000	0.04200
8157.50000	0.04300
8158.00000	0.04500
8158.50000	0.04600
8159.00000	0.04700
8159.50000	0.04800
8160.00000	0.05000
8160.50000	0.05100
8161.00000	0.05200
8161.50000	0.05400
8162.00000	0.05500
8162.50000	0.05700
8163.00000	0.05800
8163.50000	0.06000
8164.00000	0.06100
8164.50000	0.06300
8165.00000	0.06500
8165.50000	0.06600
8166.00000	0.06800
8166.50000	0.07000
8167.00000	0.07200
8167.50000	0.07300
8168.00000	0.07500
8168.50000	0.07700
8169.00000	0.07900
8169.50000	0.08100
8170.00000	0.08400
8170.50000	0.08600
8171.00000	0.08800
8171.50000	0.09000
8172.00000	0.09200
8172.50000	0.09500
8173.00000	0.09700
8173.50000	0.10000
8174.00000	0.10200
8174.50000	0.10500
8175.00000	0.10700
8175.50000	0.11000
8176.00000	0.11300
8176.50000	0.11500
8177.00000	0.11800
8177.50000	0.12100
8178.00000	0.12400
8178.50000	0.12700
8179.00000	0.13000
8179.50000	0.13300
8180.00000	0.13600
8180.50000	0.13900
8181.00000	0.14300
8181.50000	0.14600
8182.00000	0.14900
8182.50000	0.15300
8183.00000	0.15600
8183.50000	0.16000
8184.00000	0.16300
8184.50000	0.16700
8185.00000	0.17100
8185.50000	0.17500
8186.00000	0.17800
8186.50000	0.18200
8187.00000	0.18600
8187.50000	0.19000
8188.00000	0.19400
8188.50000	0.19800
8189.00000	0.20300
8189.50000	0.20700
8190.00000	0.21100
8190.50000	0.21500
8191.00000	0.22000
8191.50000	0.22400
8192.00000	0.22800
8192.50000	0.23300
8193.00000	0.23800
8193.50000	0.24200
8194.00000	0.24700
8194.50000	0.25100
8195.00000	0.25600
8195.50000	0.26100
8196.00000	0.26600
8196.50000	0.27000
8197.00000	0.27500
8197.50000	0.28000
8198.00000	0.28500
8198.50000	0.29000
8199.00000	0.29500
8199.50000	0.30000
8200.00000	0.30500
8200.50000	0.31000
8201.00000	0.31500
8201.50000	0.32100
8202.00000	0.32600
8202.50000	0.33100
8203.00000	0.33600
8203.50000	0.34100
8204.00000	0.34600
8204.50000	0.35200
8205.00000	0.35700
8205.50000	0.36200
8206.00000	0.36800
8206.50000	0.37300
8207.00000	0.37800
8207.50000	0.38400
8208.00000	0.38900
8208.50000	0.39400
8209.00000	0.39900
8209.50000	0.40500
8210.00000	0.41000
8210.50000	0.41600
8211.00000	0.42100
8211.50000	0.42600
8212.00000	0.43200
8212.50000	0.43700
8213.00000	0.44200
8213.50000	0.44700
8214.00000	0.45300
8214.50000	0.45800
8215.00000	0.46300
8215.50000	0.46900
8216.00000	0.47400
8216.50000	0.47900
8217.00000	0.48400
8217.50000	0.48900
8218.00000	0.49400
8218.50000	0.50000
8219.00000	0.50500
8219.50000	0.51000
8220.00000	0.51500
8220.50000	0.52000
8221.00000	0.52500
8221.50000	0.53000
8222.00000	0.53500
8222.50000	0.53900
8223.00000	0.54400
8223.50000	0.54900
8224.00000	0.55400
8224.50000	0.55900
8225.00000	0.56300
8225.50000	0.56800
8226.00000	0.57300
8226.50000	0.57700
8227.00000	0.58200
8227.50000	0.58600
8228.00000	0.59100
8228.50000	0.59500
8229.00000	0.59900
8229.50000	0.60400
8230.00000	0.60800
8230.50000	0.61200
8231.00000	0.61600
8231.50000	0.62000
8232.00000	0.62400
8232.50000	0.62800
8233.00000	0.63200
8233.50000	0.63600
8234.00000	0.64000
8234.50000	0.64400
8235.00000	0.64800
8235.50000	0.65100
8236.00000	0.65500
8236.50000	0.65900
8237.00000	0.66200
8237.50000	0.66600
8238.00000	0.66900
8238.50000	0.67200
8239.00000	0.67600
8239.50000	0.67900
8240.00000	0.68200
8240.50000	0.68500
8241.00000	0.68800
8241.50000	0.69100
8242.00000	0.69400
8242.50000	0.69700
8243.00000	0.70000
8243.50000	0.70300
8244.00000	0.70600
8244.50000	0.70800
8245.00000	0.71100
8245.50000	0.71400
8246.00000	0.71600
8246.50000	0.71900
8247.00000	0.72100
8247.50000	0.72300
8248.00000	0.72600
8248.50000	0.72800
8249.00000	0.73000
8249.50000	0.73300
8250.00000	0.73500
8250.50000	0.73700
8251.00000	0.73900
8251.50000	0.74100
8252.00000	0.74300
8252.50000	0.74500
8253.00000	0.74700
8253.50000	0.74900
8254.00000	0.75000
8254.50000	0.75200
8255.00000	0.75400
8255.50000	0.75600
8256.00000	0.75700
8256.50000	0.75900
8257.00000	0.76100
8257.50000	0.76200
8258.00000	0.76400
8258.50000	0.76500
8259.00000	0.76700
8259.50000	0.76800
8260.00000	0.76900
8260.50000	0.77100
8261.00000	0.77200
8261.50000	0.77300
8262.00000	0.77500
8262.50000	0.77600
8263.00000	0.77700
8263.50000	0.77800
8264.00000	0.77900
8264.50000	0.78100
8265.00000	0.78200
8265.50000	0.78300
8266.00000	0.78400
8266.50000	0.78500
8267.00000	0.78600
8267.50000	0.78700
8268.00000	0.78800
8268.50000	0.78900
8269.00000	0.79000
8269.50000	0.79000
8270.00000	0.79100
8270.50000	0.79200
8271.00000	0.79300
8271.50000	0.79400
8272.00000	0.79400
8272.50000	0.79500
8273.00000	0.79600
8273.50000	0.79700
8274.00000	0.79800
8274.50000	0.79800
8275.00000	0.79900
8275.50000	0.80000
8276.00000	0.80000
8276.50000	0.80100
8277.00000	0.80100
8277.50000	0.80200
8278.00000	0.80300
8278.50000	0.80300
8279.00000	0.80400
8279.50000	0.80400
8280.00000	0.80500
8280.50000	0.80500
8281.00000	0.80600
8281.50000	0.80600
8282.00000	0.80700
8282.50000	0.80700
8283.00000	0.80800
8283.50000	0.80800
8284.00000	0.80900
8284.50000	0.80900
8285.00000	0.81000
8285.50000	0.81000
8286.00000	0.81000
8286.50000	0.81100
8287.00000	0.81100
8287.50000	0.81200
8288.00000	0.81200
8288.50000	0.81200
8289.00000	0.81300
8289.50000	0.81300
8290.00000	0.81300
8290.50000	0.81400
8291.00000	0.81400
8291.50000	0.81400
8292.00000	0.81500
8292.50000	0.81500
8293.00000	0.81500
8293.50000	0.81600
8294.00000	0.81600
8294.50000	0.81600
8295.00000	0.81700
8295.50000	0.81700
8296.00000	0.81700
8296.50000	0.81700
8297.00000	0.81800
8297.50000	0.81800
8298.00000	0.81800
8298.50000	0.81900
8299.00000	0.81900
8299.50000	0.81900
8300.00000	0.81900
8300.50000	0.81900
8301.00000	0.82000
8301.50000	0.82000
8302.00000	0.82000
8302.50000	0.82000
8303.00000	0.82000
8303.50000	0.82100
8304.00000	0.82100
8304.50000	0.82100
8305.00000	0.82100
8305.50000	0.82100
8306.00000	0.82200
8306.50000	0.82200
8307.00000	0.82200
8307.50000	0.82200
8308.00000	0.82200
8308.50000	0.82200
8309.00000	0.82200
8309.50000	0.82300
8310.00000	0.82300
8310.50000	0.82300
8311.00000	0.82300
8311.50000	0.82300
8312.00000	0.82300
8312.50000	0.82300
8313.00000	0.82300
8313.50000	0.82400
8314.00000	0.82400
8314.50000	0.82400
8315.00000	0.82400
8315.50000	0.82400
8316.00000	0.82400
8316.50000	0.82400
8317.00000	0.82400
8317.50000	0.82400
8318.00000	0.82500
8318.50000	0.82500
8319.00000	0.82500
8319.50000	0.82500
8320.00000	0.82500
8320.50000	0.82500
8321.00000	0.82500
8321.50000	0.82500
8322.00000	0.82500
8322.50000	0.82500
8323.00000	0.82600
8323.50000	0.82600
8324.00000	0.82600
8324.50000	0.82600
8325.00000	0.82600
8325.50000	0.82600
8326.00000	0.82600
8326.50000	0.82600
8327.00000	0.82600
8327.50000	0.82600
8328.00000	0.82600
8328.50000	0.82600
8329.00000	0.82600
8329.50000	0.82600
8330.00000	0.82700
8330.50000	0.82700
8331.00000	0.82700
8331.50000	0.82700
8332.00000	0.82700
8332.50000	0.82700
8333.00000	0.82700
8333.50000	0.82700
8334.00000	0.82700
8334.50000	0.82700
8335.00000	0.82700
8335.50000	0.82700
8336.00000	0.82700
8336.50000	0.82700
8337.00000	0.82700
8337.50000	0.82700
8338.00000	0.82700
8338.50000	0.82700
8339.00000	0.82700
8339.50000	0.82700
8340.00000	0.82700
8340.50000	0.82700
8341.00000	0.82700
8341.50000	0.82700
8342.00000	0.82700
8342.50000	0.82700
8343.00000	0.82700
8343.50000	0.82700
8344.00000	0.82700
8344.50000	0.82700
8345.00000	0.82700
8345.50000	0.82700
8346.00000	0.82700
8346.50000	0.82700
8347.00000	0.82700
8347.50000	0.82700
8348.00000	0.82700
8348.50000	0.82700
8349.00000	0.82700
8349.50000	0.82700
8350.00000	0.82700
8350.50000	0.82700
8351.00000	0.82700
8351.50000	0.82700
8352.00000	0.82700
8352.50000	0.82700
8353.00000	0.82700
8353.50000	0.82700
8354.00000	0.82700
8354.50000	0.82700
8355.00000	0.82700
8355.50000	0.82700
8356.00000	0.82700
8356.50000	0.82700
8357.00000	0.82700
8357.50000	0.82700
8358.00000	0.82700
8358.50000	0.82700
8359.00000	0.82700
8359.50000	0.82700
8360.00000	0.82700
8360.50000	0.82700
8361.00000	0.82700
8361.50000	0.82700
8362.00000	0.82700
8362.50000	0.82700
8363.00000	0.82600
8363.50000	0.82600
8364.00000	0.82600
8364.50000	0.82600
8365.00000	0.82600
8365.50000	0.82600
8366.00000	0.82600
8366.50000	0.82600
8367.00000	0.82600
8367.50000	0.82600
8368.00000	0.82600
8368.50000	0.82600
8369.00000	0.82600
8369.50000	0.82600
8370.00000	0.82600
8370.50000	0.82600
8371.00000	0.82600
8371.50000	0.82600
8372.00000	0.82600
8372.50000	0.82600
8373.00000	0.82500
8373.50000	0.82500
8374.00000	0.82500
8374.50000	0.82500
8375.00000	0.82500
8375.50000	0.82500
8376.00000	0.82500
8376.50000	0.82500
8377.00000	0.82500
8377.50000	0.82500
8378.00000	0.82500
8378.50000	0.82500
8379.00000	0.82500
8379.50000	0.82400
8380.00000	0.82400
8380.50000	0.82400
8381.00000	0.82400
8381.50000	0.82400
8382.00000	0.82400
8382.50000	0.82400
8383.00000	0.82400
8383.50000	0.82400
8384.00000	0.82400
8384.50000	0.82400
8385.00000	0.82400
8385.50000	0.82400
8386.00000	0.82400
8386.50000	0.82300
8387.00000	0.82300
8387.50000	0.82300
8388.00000	0.82300
8388.50000	0.82300
8389.00000	0.82300
8389.50000	0.82300
8390.00000	0.82300
8390.50000	0.82300
8391.00000	0.82300
8391.50000	0.82300
8392.00000	0.82200
8392.50000	0.82200
8393.00000	0.82200
8393.50000	0.82200
8394.00000	0.82200
8394.50000	0.82200
8395.00000	0.82200
8395.50000	0.82200
8396.00000	0.82200
8396.50000	0.82200
8397.00000	0.82200
8397.50000	0.82100
8398.00000	0.82100
8398.50000	0.82100
8399.00000	0.82100
8399.50000	0.82100
8400.00000	0.82100
8400.50000	0.82100
8401.00000	0.82100
8401.50000	0.82100
8402.00000	0.82100
8402.50000	0.82000
8403.00000	0.82000
8403.50000	0.82000
8404.00000	0.82000
8404.50000	0.82000
8405.00000	0.82000
8405.50000	0.82000
8406.00000	0.82000
8406.50000	0.81900
8407.00000	0.81900
8407.50000	0.81900
8408.00000	0.81900
8408.50000	0.81900
8409.00000	0.81900
8409.50000	0.81900
8410.00000	0.81900
8410.50000	0.81900
8411.00000	0.81800
8411.50000	0.81800
8412.00000	0.81800
8412.50000	0.81800
8413.00000	0.81800
8413.50000	0.81800
8414.00000	0.81700
8414.50000	0.81700
8415.00000	0.81700
8415.50000	0.81700
8416.00000	0.81700
8416.50000	0.81700
8417.00000	0.81700
8417.50000	0.81600
8418.00000	0.81600
8418.50000	0.81600
8419.00000	0.81600
8419.50000	0.81600
8420.00000	0.81600
8420.50000	0.81500
8421.00000	0.81500
8421.50000	0.81500
8422.00000	0.81500
8422.50000	0.81500
8423.00000	0.81400
8423.50000	0.81400
8424.00000	0.81400
8424.50000	0.81400
8425.00000	0.81400
8425.50000	0.81300
8426.00000	0.81300
8426.50000	0.81300
8427.00000	0.81300
8427.50000	0.81200
8428.00000	0.81200
8428.50000	0.81200
8429.00000	0.81200
8429.50000	0.81100
8430.00000	0.81100
8430.50000	0.81100
8431.00000	0.81100
8431.50000	0.81000
8432.00000	0.81000
8432.50000	0.81000
8433.00000	0.81000
8433.50000	0.80900
8434.00000	0.80900
8434.50000	0.80900
8435.00000	0.80800
8435.50000	0.80800
8436.00000	0.80800
8436.50000	0.80700
8437.00000	0.80700
8437.50000	0.80700
8438.00000	0.80600
8438.50000	0.80600
8439.00000	0.80500
8439.50000	0.80500
8440.00000	0.80500
8440.50000	0.80400
8441.00000	0.80400
8441.50000	0.80300
8442.00000	0.80300
8442.50000	0.80200
8443.00000	0.80200
8443.50000	0.80100
8444.00000	0.80100
8444.50000	0.80000
8445.00000	0.80000
8445.50000	0.79900
8446.00000	0.79900
8446.50000	0.79800
8447.00000	0.79800
8447.50000	0.79700
8448.00000	0.79600
8448.50000	0.79600
8449.00000	0.79500
8449.50000	0.79400
8450.00000	0.79400
8450.50000	0.79300
8451.00000	0.79200
8451.50000	0.79100
8452.00000	0.79100
8452.50000	0.79000
8453.00000	0.78900
8453.50000	0.78800
8454.00000	0.78700
8454.50000	0.78600
8455.00000	0.78500
8455.50000	0.78500
8456.00000	0.78400
8456.50000	0.78300
8457.00000	0.78200
8457.50000	0.78100
8458.00000	0.78000
8458.50000	0.77900
8459.00000	0.77700
8459.50000	0.77600
8460.00000	0.77500
8460.50000	0.77400
8461.00000	0.77300
8461.50000	0.77100
8462.00000	0.77000
8462.50000	0.76900
8463.00000	0.76700
8463.50000	0.76600
8464.00000	0.76500
8464.50000	0.76300
8465.00000	0.76200
8465.50000	0.76000
8466.00000	0.75900
8466.50000	0.75700
8467.00000	0.75600
8467.50000	0.75400
8468.00000	0.75200
8468.50000	0.75000
8469.00000	0.74900
8469.50000	0.74700
8470.00000	0.74500
8470.50000	0.74300
8471.00000	0.74100
8471.50000	0.73900
8472.00000	0.73700
8472.50000	0.73500
8473.00000	0.73300
8473.50000	0.73100
8474.00000	0.72800
8474.50000	0.72600
8475.00000	0.72400
8475.50000	0.72200
8476.00000	0.71900
8476.50000	0.71700
8477.00000	0.71400
8477.50000	0.71200
8478.00000	0.70900
8478.50000	0.70700
8479.00000	0.70400
8479.50000	0.70100
8480.00000	0.69800
8480.50000	0.69600
8481.00000	0.69300
8481.50000	0.69000
8482.00000	0.68700
8482.50000	0.68400
8483.00000	0.68100
8483.50000	0.67700
8484.00000	0.67400
8484.50000	0.67100
8485.00000	0.66800
8485.50000	0.66500
8486.00000	0.66100
8486.50000	0.65800
8487.00000	0.65400
8487.50000	0.65100
8488.00000	0.64700
8488.50000	0.64400
8489.00000	0.64000
8489.50000	0.63600
8490.00000	0.63300
8490.50000	0.62900
8491.00000	0.62500
8491.50000	0.62100
8492.00000	0.61700
8492.50000	0.61300
8493.00000	0.60900
8493.50000	0.60500
8494.00000	0.60100
8494.50000	0.59700
8495.00000	0.59300
8495.50000	0.58900
8496.00000	0.58400
8496.50000	0.58000
8497.00000	0.57600
8497.50000	0.57100
8498.00000	0.56700
8498.50000	0.56200
8499.00000	0.55800
8499.50000	0.55300
8500.00000	0.54900
8500.50000	0.54400
8501.00000	0.54000
8501.50000	0.53500
8502.00000	0.53100
8502.50000	0.52600
8503.00000	0.52100
8503.50000	0.51700
8504.00000	0.51200
8504.50000	0.50700
8505.00000	0.50200
8505.50000	0.49700
8506.00000	0.49300
8506.50000	0.48800
8507.00000	0.48300
8507.50000	0.47800
8508.00000	0.47300
8508.50000	0.46800
8509.00000	0.46300
8509.50000	0.45800
8510.00000	0.45300
8510.50000	0.44900
8511.00000	0.44400
8511.50000	0.43900
8512.00000	0.43400
8512.50000	0.42900
8513.00000	0.42400
8513.50000	0.41900
8514.00000	0.41400
8514.50000	0.40900
8515.00000	0.40400
8515.50000	0.39900
8516.00000	0.39400
8516.50000	0.38900
8517.00000	0.38400
8517.50000	0.37900
8518.00000	0.37400
8518.50000	0.36900
8519.00000	0.36500
8519.50000	0.36000
8520.00000	0.35500
8520.50000	0.35000
8521.00000	0.34500
8521.50000	0.34000
8522.00000	0.33600
8522.50000	0.33100
8523.00000	0.32600
8523.50000	0.32100
8524.00000	0.31700
8524.50000	0.31200
8525.00000	0.30800
8525.50000	0.30300
8526.00000	0.29800
8526.50000	0.29400
8527.00000	0.28900
8527.50000	0.28500
8528.00000	0.28000
8528.50000	0.27600
8529.00000	0.27100
8529.50000	0.26700
8530.00000	0.26300
8530.50000	0.25800
8531.00000	0.25400
8531.50000	0.25000
8532.00000	0.24600
8532.50000	0.24200
8533.00000	0.23700
8533.50000	0.23300
8534.00000	0.22900
8534.50000	0.22500
8535.00000	0.22100
8535.50000	0.21800
8536.00000	0.21400
8536.50000	0.21000
8537.00000	0.20600
8537.50000	0.20200
8538.00000	0.19900
8538.50000	0.19500
8539.00000	0.19100
8539.50000	0.18800
8540.00000	0.18400
8540.50000	0.18100
8541.00000	0.17800
8541.50000	0.17400
8542.00000	0.17100
8542.50000	0.16800
8543.00000	0.16400
8543.50000	0.16100
8544.00000	0.15800
8544.50000	0.15500
8545.00000	0.15200
8545.50000	0.14900
8546.00000	0.14600
8546.50000	0.14300
8547.00000	0.14000
8547.50000	0.13700
8548.00000	0.13500
8548.50000	0.13200
8549.00000	0.12900
8549.50000	0.12700
8550.00000	0.12400
8550.50000	0.12200
8551.00000	0.11900
8551.50000	0.11700
8552.00000	0.11400
8552.50000	0.11200
8553.00000	0.11000
8553.50000	0.10700
8554.00000	0.10500
8554.50000	0.10300
8555.00000	0.10100
8555.50000	0.09900
8556.00000	0.09700
8556.50000	0.09500
8557.00000	0.09300
8557.50000	0.09100
8558.00000	0.08900
8558.50000	0.08700
8559.00000	0.08500
8559.50000	0.08300
8560.00000	0.08200
8560.50000	0.08000
8561.00000	0.07800
8561.50000	0.07700
8562.00000	0.07500
8562.50000	0.07300
8563.00000	0.07200
8563.50000	0.07000
8564.00000	0.06900
8564.50000	0.06700
8565.00000	0.06600
8565.50000	0.06400
8566.00000	0.06300
8566.50000	0.06200
8567.00000	0.06000
8567.50000	0.05900
8568.00000	0.05800
8568.50000	0.05700
8569.00000	0.05600
8569.50000	0.05400
8570.00000	0.05300
8570.50000	0.05200
8571.00000	0.05100
8571.50000	0.05000
8572.00000	0.04900
8572.50000	0.04800
8573.00000	0.04700
8573.50000	0.04600
8574.00000	0.04500
8574.50000	0.04400
8575.00000	0.04300
8575.50000	0.04200
8576.00000	0.04100
8576.50000	0.04100
8577.00000	0.04000
8577.50000	0.03900
8578.00000	0.03800
8578.50000	0.03700
8579.00000	0.03600
8579.50000	0.03600
8580.00000	0.03500
8580.50000	0.03400
8581.00000	0.03400
8581.50000	0.03300
8582.00000	0.03200
8582.50000	0.03200
8583.00000	0.03100
8583.50000	0.03000
8584.00000	0.03000
8584.50000	0.02900
8585.00000	0.02900
8585.50000	0.02800
8586.00000	0.02800
8586.50000	0.02700
8587.00000	0.02700
8587.50000	0.02600
8588.00000	0.02600
8588.50000	0.02500
8589.00000	0.02500
8589.50000	0.02400
8590.00000	0.02400
8590.50000	0.02300
8591.00000	0.02300
8591.50000	0.02300
8592.00000	0.02200
8592.50000	0.02200
8593.00000	0.02100
8593.50000	0.02100
8594.00000	0.02100
8594.50000	0.02000
8595.00000	0.02000
8595.50000	0.02000
8596.00000	0.01900
8596.50000	0.01900
8597.00000	0.01900
8597.50000	0.01800
8598.00000	0.01800
8598.50000	0.01800
8599.00000	0.01700
8599.50000	0.01700
8600.00000	0.01700
8600.50000	0.01700
8601.00000	0.01600
8601.50000	0.01600
8602.00000	0.01600
8602.50000	0.01600
8603.00000	0.01500
8603.50000	0.01500
8604.00000	0.01500
8604.50000	0.01500
8605.00000	0.01400
8605.50000	0.01400
8606.00000	0.01400
8606.50000	0.01400
8607.00000	0.01400
8607.50000	0.01300
8608.00000	0.01300
8608.50000	0.01300
8609.00000	0.01300
8609.50000	0.01300
8610.00000	0.01300
8610.50000	0.01200
8611.00000	0.01200
8611.50000	0.01200
8612.00000	0.01200
8612.50000	0.01200
8613.00000	0.01200
8613.50000	0.01100
8614.00000	0.01100
8614.50000	0.01100
8615.00000	0.01100
8615.50000	0.01100
8616.00000	0.01100
8616.50000	0.01000
8617.00000	0.01000
8617.50000	0.01000
8618.00000	0.01000
8618.50000	0.01000
8619.00000	0.01000
8619.50000	0.01000
8620.00000	0.01000
8620.50000	0.00900
8621.00000	0.00900
8621.50000	0.00900
8622.00000	0.00900
8622.50000	0.00900
8623.00000	0.00900
8623.50000	0.00900
8624.00000	0.00900
8624.50000	0.00900
8625.00000	0.00900
8625.50000	0.00800
8626.00000	0.00800
8626.50000	0.00800
8627.00000	0.00800
8627.50000	0.00800
8628.00000	0.00800
8628.50000	0.00800
8629.00000	0.00800
8629.50000	0.00800
8630.00000	0.00800
8630.50000	0.00800
8631.00000	0.00700
8631.50000	0.00700
8632.00000	0.00700
8632.50000	0.00700
8633.00000	0.00700
8633.50000	0.00700
8634.00000	0.00700
8634.50000	0.00700
8635.00000	0.00700
8635.50000	0.00700
8636.00000	0.00700
8636.50000	0.00700
8637.00000	0.00600
8637.50000	0.00600
8638.00000	0.00600
8638.50000	0.00600
8639.00000	0.00600
8639.50000	0.00600
8640.00000	0.00600
8640.50000	0.00600
8641.00000	0.00600
8641.50000	0.00600
8642.00000	0.00600
8642.50000	0.00600
8643.00000	0.00600
8643.50000	0.00600
8644.00000	0.00600
8644.50000	0.00600
8645.00000	0.00600
8645.50000	0.00600
8646.00000	0.00600
8646.50000	0.00500
8647.00000	0.00500
8647.50000	0.00500
8648.00000	0.00500
8648.50000	0.00500
8649.00000	0.00500
